73 67 7653 33 6249 9225 9674426574742355349 94934
9698352 3 27745 63262395783 8  69848  86947885 843
8586 56 789 29494954595  73795833 9528532 88 55
 254 698747 58523863 5 7 569329 963295227443 43557
6689664895 445244523 6 73 8564 3 987 2 722383 3
6222989342338 3 8 353362766 42828 6444486645238749
3 3589 729629 49 56 44 77239 7 38  5 58593 796 866
7  72427 2 8839987979 879227492 9  69972 888 93776
65727333   5336788 22 23542 8 975 25454 594752243
525849 77 67 556  36 48395864467 63244 5722 55397
536978 7977846 74 64955 4929 86256932 978468622482
8397224 375657 56 5749 26 4 79729686524 4535  474
82 6637 4844 3 9989 889524345 65854 22758866688
 6427 7 47992444292823 8634656748 39 9 23 62824586
 7866458359 245665294765456828489 2883 426 769 42
242 9 2267  5562632  937 5442 75 694 65896 4 8
 7 984 385 96245544436298 23 9878799272442849 9 88
8458  56 66 979 9 338754992 524 636899 256 7 76 6
 5886 6467  94 5 7754  2256983 552 55935729725
7 63626956 88267 4282524836 82325753 42 75296345



9878799272442
2048385024


1218839987979