2 3 1 4 0
2 3 2 4 0
1 3 3 4 15
1 10 4 4 22
1 8 5 4 20
1 10 6 4 22
1 8 7 4 20
1 3 8 4 15
2 3 9 4 0
2 3 10 4 0
1 3 11 4 15
1 10 12 4 22
1 8 13 4 20
1 3 14 4 15
2 3 15 4 0
1 8 16 4 20
1 3 17 4 15
1 11 18 4 23
1 4 19 4 16
1 11 20 4 23
1 9 21 4 21
1 4 22 4 16
2 4 23 4 0
1 9 24 4 21
1 4 25 4 16
2 4 26 4 0
2 4 27 4 0
1 11 28 8 0
1 15 29 8 0
1 21 30 8 0
1 13 31 8 0
1 11 32 4 23
1 9 33 4 21
1 4 34 4 16
2 4 35 4 0
2 4 36 4 0
2 4 37 4 0
1 11 38 4 23
1 9 39 4 21
1 11 40 4 23
1 9 41 4 21
1 4 42 4 16
2 4 43 4 0
2 4 44 4 0
1 4 45 4 16
1 11 46 4 23
1 9 47 4 21
1 4 48 4 16
2 4 49 4 0
1 9 50 4 21
1 4 51 4 16
