2 3 0 4 0 
2 3 1 4 0 
2 3 2 4 0 
2 3 3 4 0 
1 3 4 4 15 
1 10 5 4 22 
1 8 6 4 20 
1 3 7 4 15 
2 3 8 4 0 
1 8 9 4 20 
1 3 10 4 15 
2 3 11 4 0 
2 3 12 4 0 
1 10 13 8 22 
1 2 14 8 14 
1 8 15 8 20 
1 12 16 8 24 
1 10 17 4 22 
1 8 18 4 20 
1 3 19 4 15 
2 3 20 4 0 
2 3 21 4 0 
1 3 22 4 15 
1 10 23 4 22 
1 8 24 4 20 
1 10 25 4 22 
1 8 26 4 20 
1 3 27 4 15 
2 3 28 4 0 
2 3 29 4 0 
1 3 30 4 15 
1 10 31 4 22 
1 8 32 4 20 
1 3 33 4 15 
2 3 34 4 0 
1 8 35 4 20 
1 3 36 4 15 
2 3 37 4 0 
1 3 38 4 15 
1 10 39 4 22 
1 8 40 4 20 
1 3 41 4 15 
2 3 42 4 0 
1 8 43 4 20 
1 3 44 4 15 
2 3 45 4 0 
2 3 46 4 0 
1 10 47 4 22 
1 8 48 4 20 
1 10 49 4 22 
1 8 50 4 20 
1 3 51 4 15
